byte_count
174699488
289476
46332
1074988662
174699488
46406
1074988662
289550
174699488
46406
1074988662
289550
1074988588
289476
46332
174699414
289476
3213512708
66
2149969834
570240
74
1074988662
856746
3213512708
74
856820
2149969834
74
289550
1074988662
570314
3213512708
74
856820
2149969834
74
289550
1074988662
570314
289476
1074988588
2149969760
570240
856820
66
3213512634
66
289476
3224958728
1143054
2149969834
148236
552041532
570240
4299942144
1074988662
860178
3224958728
1143128
860252
148310
2149969834
552041532
4299942144
289550
1074988662
570314
3224958728
1143128
860252
148310
2149969834
552041532
4299942144
289550
1074988662
570314
289476
1074988588
552041458
2149969760
570240
860252
4299942070
3224958654
1143054
148310
119130
3224958728
1143054
433642540
1426590
5374925098
4299942144
860178
3224958728
119204
433642540
1143128
860252
1426664
5374925098
4299942144
3224958728
119204
433642540
1143128
860252
1426664
5374925098
4299942144
119204
5374925024
860252
4299942070
433642466
3224958654
1143054
1426664
1516482
66
1143054
5704741126
74
1426590
5374925098
4299942144
1516556
5704741126
1143128
74
1426664
5374925098
4299942144
74
1516556
5704741126
1143128
74
1426664
5374925098
4299942144
74
66
1516556
5374925024
4299942070
5704741052
1143054
74
1426664
1714284
1217172
6449911286
4583160060
1426590
5374925098
1714358
6449911286
4583160060
1426664
5374925098
1217246
1714358
6449911286
4583160060
1426664
5374925098
1217246
4583159986
1714358
5374925024
6449911212
1217246
1426664
628914
1714284
1996962
6449911286
7524892920
2365551516
1714358
628988
6449911286
7524892920
2365551516
1997036
1714358
628988
6449911286
7524892920
2365551516
1997036
2365551442
7524892846
1714358
6449911212
628988
1997036
140
2073984
1996962
7524892920
66
7817665356
74
74
2074058
7524892920
7817665356
1997036
74
66
2074058
7524892920
7817665356
1997036
7817665282
7524892846
74
66
2074058
1997036
2658893982
2278782
1996962
7524892920
699468
8599875742
2658893982
699542
2278856
7524892920
8599875742
1997036
2658893982
699468
2278856
7524892920
8599875742
1997036
8599875668
7524892846
699542
2658893908
2278856
1997036
7941509884
2278782
74
2099724
8599875742
66
7941509884
2099798
74
2278856
74
8599875742
7941509884
2099724
74
2278856
74
8599875742
8599875668
74
2099798
66
7941509810
2278856
9674859224
3599223404
2559414
957792
9674859224
2559488
957866
3599223404
9674859224
2559414
957866
3599223404
957866
2559488
3599223330
9674859150
9674859224
66
8944471828
2559414
74
2371776
9674859224
74
2559488
2371850
8944471828
74
9674859224
74
2559414
2371850
8944471828
74
66
2371850
66
2559488
8944471754
9674859150
922944
10749847392
3476515106
2850210
923018
2850284
10749847392
3476515106
923018
2850284
10749847392
3476515106
922944
2850284
3476515032
10749847318
2374614
10749847392
8952720984
2850210
2374688
2850284
10749847392
8952720984
2374688
2850284
10749847392
8952720984
2374614
2850284
8952720910
10749847318
3722070
14037360132
3722144
14037360132
3722144
14037360132
3722070
14037360058
74
5134734
66
19379037622
5134808
74
74
19379037622
5134808
74
66
19379037622
66
5134734
19379037548
74
5939697500
5697054
1580502
21499688812
5697128
5939697500
1580576
21499688812
5697128
5939697500
1580502
21499688812
5939697426
5697054
21499688738
1580576
11679244094
5697054
3101802
21499688812
5697128
11679244094
3101876
21499688812
5697128
11679244094
3101802
21499688812
11679244020
5697054
21499688738
3101876
17583428562
4665936
17583428562
4666010
17583428562
4665936
17583428488
4666010
23583080914
6256008
23583080914
6256082
23583080914
6256008
23583080840
6256082
29506913194
7825554
29506913194
7825628
29506913194
7825554
29506913120
7825628
35457104770
9402360
35457104770
9402434
35457104770
9402360
35457104696
9402434
41305251854
10952106
41305251854
10952180
41305251854
10952106
41305251780
10952180
1044516
42999390396
3908596060
11401434
1044590
42999390396
3908596060
11401508
1044590
42999390396
3908596060
11401434
42999390322
1044590
11401508
3908595986
2504106
42999390396
9416096492
11401434
2504180
42999390396
9416096492
11401508
2504180
42999390396
9416096492
11401434
42999390322
2504180
11401508
9416096418
4015176
15117866716
4015250
15117866716
4015250
15117866716
4015250
15117866642
5539974
20870048336
5540048
20870048336
5540048
20870048336
5540048
20870048262
7133478
26883278118
7133552
26883278118
7133552
26883278118
7133552
26883278044
8622372
32500562080
8622446
32500562080
8622446
32500562080
8622446
32500562006
10208616
38487485124
10208690
38487485124
10208690
38487485124
10208690
38487485050
11838420
44638459684
11838494
44638459684
11838494
44638459684
11838494
44638459610
13348764
50339003106
13348838
50339003106
13348838
50339003106
13348838
50339003032
14875344
56099409340
14875418
56099409340
14875418
56099409340
14875418
56099409266
16415256
61911377162
16415330
61911377162
16415330
61911377162
16415330
61911377088
18006450
67915338818
18006524
67915338818
18006524
67915338818
18006524
67915338744
19606620
73953870284
19606694
73953870284
19606694
73953870284
19606694
73953870210
21172668
79865046674
21172742
79865046674
21172742
79865046674
21172742
79865046600
74
22791318
66
85973721284
74
74
22791392
85973721284
74
22791392
85973721284
66
22791392
66
85973721210
5924601120
22798116
1563012
85998778384
1563086
5924601120
22798190
85998778384
5924601120
22798190
85998778384
1563012
22798190
5924601046
85998778310
11963115936
22798116
3163248
85998778384
3163322
11963115936
22798190
85998778384
11963115936
22798190
85998778384
3163248
22798190
11963115862
85998778310
17950662606
4750020
4750094
17950662606
17950662606
4750020
17950662532
23815150330
6304122
6304196
23815150330
23815150330
6304122
23815150256
29835584954
7899474
7899548
29835584954
29835584954
7899474
29835584880
35803336572
9480900
9480974
35803336572
35803336572
9480900
35803336498
41994863088
11121660
11121734
41994863088
41994863088
11121660
41994863014
48275811398
12786114
12786188
48275811398
48275811398
12786114
48275811324
54235311078
14365428
14365502
54235311078
54235311078
14365428
54235311004
60301226112
15972858
15972932
60301226112
60301226112
15972858
60301226038
66332590966
17571048
17571122
66332590966
66332590966
17571048
66332590892
72440644178
19184154
19184228
72440644178
72440644178
19184154
72440644104
78604743488
20817918
20817992
78604743488
78604743488
20817918
78604743414
84773246014
22453068
22453142
84773246014
84773246014
22453068
84773245940
91095880090
24128280
24128354
91095880090
91095880090
24128280
91095880016
97415756622
25803228
25803302
97415756622
97415756622
25803228
97415756548
103396131394
27388482
27388556
103396131394
103396131394
27388482
103396131320
109422023404
28985154
28985228
109422023404
109422023404
28985154
109422023330
115306389696
30544602
30544676
115306389696
115306389696
30544602
115306389622
120327295298
31874964
31875038
120327295298
120327295298
31874964
120327295224
126085548744
33401082
33401156
126085548744
126085548744
33401082
126085548670
130425889492
34551264
34551338
130425889492
130425889492
34551264
130425889418
136431999808
36142854
36142928
136431999808
136431999808
36142854
136431999734
142529191694
37758468
37758542
142529191694
142529191694
37758468
142529191620
148623088412
39372696
39372770
148623088412
148623088412
39372696
148623088338
154662648776
40973526
40973600
154662648776
154662648776
40973526
154662648702
160708349196
42575346
42575420
160708349196
160708349196
42575346
160708349122
166170476606
44039490
44039564
166170476606
166170476606
44039490
166170476532
171997538520
45584088
52140
155065416
45584162
155065416
52214
171997538520
171997538520
52214
45584088
155065342
171997538446
171997538520
45584088
1744644
6542934584
45584162
6542934584
1744718
171997538520
171997538520
1744718
45584088
6542934510
171997538446
3428502
12897922452
12897922452
3428576
3428576
12897922378
5043654
18993438806
18993438806
5043728
5043728
18993438732
7394442
27714669272
27714669272
7394516
7394516
27714669198
9040680
33927074308
33927074308
9040754
9040754
33927074234
10709754
40223821634
40223821634
10709828
10709828
40223821560
12278838
46144493956
46144493956
12278912
12278912
46144493882
13987908
52595395198
52595395198
13987982
13987982
52595395124
15641340
58833565366
58833565366
15641414
15641414
58833565292
17232666
64838582152
64838582152
17232740
17232740
64838582078
18885174
71074555268
71074555268
18885248
18885248
71074555194
20517024
77233179574
77233179574
20517098
20517098
77233179500
22133232
83333078480
83333078480
22133306
22133306
83333078406
23758086
89464817746
89464817746
23758160
23758160
89464817672
25423860
95750187480
95750187480
25423934
25423934
95750187406
27118872
102145736452
102145736452
27118946
27118946
102145736378
28773822
108390430474
108390430474
28773896
28773896
108390430400
30427650
114631854596
114631854596
30427724
30427724
114631854522
32056728
120779550562
120779550562
32056802
32056802
120779550488
33562650
126462077218
126462077218
33562724
33562724
126462077144
35181300
132570785986
132570785986
35181374
35181374
132570785912
36731442
138420054872
138420054872
36731516
36731516
138420054798
38426256
144815568728
144815568728
38426330
38426330
144815568654
40102062
151138173414
151138173414
40102136
40102136
151138173340
41512020
156458129210
156458129210
41512094
41512094
156458129136
43087770
162403986496
162403986496
43087844
43087844
162403986422
44719224
168560415862
168560415862
44719298
44719298
168560415788
46343088
174687181014
174687181014
46343162
46343162
174687180940
47958702
180783250456
180783250456
47958776
47958776
180783250382
49622826
187064234828
187064234828
49622900
49622900
187064234754
51330774
193508585804
193508585804
51330848
51330848
193508585730
52995096
199815812200
199815812200
52995170
52995170
199815812126
54661728
206104876220
206104876220
54661802
54661802
206104876146
56303874
212303027444
212303027444
56303948
56303948
212303027370
57973674
218603123290
218603123290
57973748
57973748
218603123216
59622552
224823726656
224823726656
59622626
59622626
224823726582
61207014
230802455798
230802455798
61207088
61207088
230802455724
62917338
237256677492
237256677492
62917412
62917412
237256677418
64615980
243666571138
243666571138
64616054
64616054
243666571064
66254430
249849852756
249849852756
66254504
66254504
249849852682
67879152
255981002964
255981002964
67879226
67879226
255981002890
69429228
261831379350
261831379350
69429302
69429302
261831379276
71051706
267967225368
267967225368
71051780
71051780
267967225294
72698010
274178542492
274178542492
72698084
72698084
274178542418
74365962
280473120792
280473120792
74366036
74366036
280473120718
76077012
286929667502
286929667502
76077086
76077086
286929667428
77789382
293389342596
293389342596
77789456
77789456
293389342522
79404006
299482710184
299482710184
79404080
79404080
299482710110
81022128
305589735882
305589735882
81022202
81022202
305589735808
82654704
311748975128
311748975128
82654778
82654778
311748975054
84316452
318020007964
318020007964
84316526
84316526
318020007890
85944936
324166032538
324166032538
85945010
85945010
324166032464
87523260
330121060008
330121060008
87523334
87523334
330121059934
89247246
336625288788
336625288788
89247320
89247320
336625288714
90863718
342724710188
342724710188
90863792
90863792
342724710114
91200780
343995091066
343995091066
91200854
91200854
343995090992
91200780
343995091066
343995091066
91200854
91200854
343995090992
